,total,success,fail
Van der Sar,126,55,24
Ferdinand,84,42,8
Giggs,86,45,12
Rooney,76,48,2
Evra,57,26,4
Carrick,76,49,0
Chicharito,45,45,0
Park,72,41,3
Valencia,57,35,0
Vidić,51,22,2
Fábio,49,28,0
